1 435.841 587.522
2 602.539 801.704
3 861.563 954.019
4 444.217 553.301
5 796.042 796.519
6 88.906 838.954
7 233.569 850.798
8 476.864 203.976
9 406.271 601.839
10 954.573 785.053
11 593.326 968.644
12 946.100 432.995
13 83.074 601.487
14 861.254 754.120
15 247.619 698.637
16 963.227 965.824
17 125.872 536.987
18 563.237 20.737
19 55.259 619.092
20 691.414 576.653
21 237.167 707.298
22 583.448 609.201
23 404.171 942.218
24 15.771 614.642
25 20.081 62.897
26 196.656 613.862
27 913.249 428.902
28 828.340 584.111
29 49.605 40.606
30 271.361 736.904
31 979.153 716.970
32 489.418 957.946
33 817.106 281.120
34 332.771 466.520
35 278.353 945.623
36 168.540 974.806
37 806.139 537.748
38 445.404 306.860
39 306.696 552.626
40 555.492 359.315
41 156.444 178.995
42 140.141 704.084
43 963.235 442.629
44 460.829 255.503
45 385.534 487.846
46 931.464 198.146
47 279.893 896.021
48 331.283 923.481
49 33.536 889.860
50 511.528 60.410
51 232.874 327.742
52 870.562 747.862
53 126.307 27.084
54 25.716 384.711
55 550.990 317.710
56 421.545 669.856
57 699.395 641.832
58 30.606 881.315
59 486.626 987.924
60 547.886 870.165
61 764.190 227.841
62 489.340 885.471
63 908.764 483.318
64 195.225 821.483
65 171.854 111.942
66 599.164 587.500
67 132.524 507.626
68 327.208 868.800
69 267.929 788.352
70 792.919 136.517
71 156.993 187.479
72 186.101 903.489
73 745.996 818.744
74 672.670 141.516
75 795.061 496.701
76 298.827 796.840
77 91.600 378.018
78 917.898 105.225
79 370.272 274.581
80 789.206 738.168
81 800.350 158.589
82 748.357 537.031
83 486.979 88.591
84 148.737 95.107
85 231.984 10.131
86 972.905 220.419
87 40.560 259.589
88 192.470 292.712
89 24.039 509.808
90 316.686 311.822
91 494.944 163.270
92 525.118 681.256
93 835.669 882.708
94 775.205 181.054
95 109.477 27.353
96 653.011 671.869
97 628.285 197.058
98 1.949 712.335
99 730.640 446.995
100 580.371 933.465
101 377.453 863.505
102 258.125 251.372
103 659.297 693.415
104 700.979 439.308
105 801.207 327.664
106 755.117 581.702
107 168.354 774.785
108 607.710 673.196
109 569.788 359.946
110 505.772 795.094
111 692.786 475.055
112 615.258 416.034
113 433.068 854.106
114 226.997 149.199
115 326.410 615.676
116 756.359 997.073
117 175.187 551.629
118 207.262 753.080
119 127.313 986.134
120 245.176 595.849
121 368.488 322.474
122 618.453 808.454
123 284.623 905.817
124 347.487 932.543
125 942.046 733.577
126 923.029 410.170
127 153.759 230.999
128 476.331 253.181
129 232.085 588.069
130 439.629 819.344
131 959.404 382.332
132 659.332 989.174
133 475.220 422.920
134 734.709 76.166
135 844.594 856.238
136 10.251 829.527
137 359.094 688.825
138 901.100 207.153
139 607.208 778.844
140 682.389 84.711
141 840.931 757.357
142 449.959 883.516
143 725.650 402.263
144 882.698 149.994
145 429.870 229.253
146 980.879 821.977
147 578.122 545.104
148 541.690 818.375
149 509.211 164.053
150 875.589 251.226
151 101.219 820.450
152 485.894 5.480
153 134.000 228.874
154 167.243 943.593
155 156.372 445.891
156 267.979 69.020
157 476.475 711.843
158 456.946 809.262
159 217.245 20.113
160 165.471 811.813
161 381.612 457.549
162 310.765 220.815
163 2.198 25.849
164 135.318 579.262
165 257.714 332.927
166 678.108 546.502
167 176.011 611.721
168 560.389 331.015
169 416.783 521.535
170 852.354 420.312
171 850.689 321.301
172 745.771 57.082
173 104.725 588.780
174 64.345 87.023
175 417.205 194.188
176 884.474 559.131
177 868.707 180.065
178 262.003 425.604
179 669.764 662.314
180 420.178 34.429
181 424.972 239.973
182 615.069 4.821
183 967.473 235.618
184 180.640 963.276
185 153.897 253.897
186 138.308 544.775
187 23.883 240.295
188 701.018 43.454
189 951.537 792.325
190 190.116 9.770
191 347.579 997.518
192 331.085 8.828
193 547.387 204.852
194 776.794 291.288
195 756.586 917.899
196 172.306 772.747
197 85.705 33.673
198 904.883 126.216
199 87.542 389.280
200 21.973 102.510
201 417.302 581.199
202 205.641 477.219
203 486.743 625.481
204 372.177 77.925
205 117.937 480.467
206 295.533 923.189
207 879.339 967.331
208 889.914 107.701
209 636.977 852.552
210 382.491 96.174
211 134.598 416.191
212 759.957 814.020
213 44.507 940.863
214 244.594 473.987
215 642.573 589.530
216 228.193 537.552
217 645.769 36.618
218 881.955 436.361
219 680.574 156.194
220 811.997 466.210
221 963.481 584.969
222 312.678 611.344
223 853.959 621.638
224 518.363 989.629
225 272.482 202.425
226 762.214 751.456
227 648.783 603.790
228 783.667 742.083
229 399.475 192.268
230 32.499 938.751
231 814.209 436.493
232 291.053 292.049
233 607.013 13.612
234 92.745 433.967
235 769.072 182.917
236 175.856 408.861
237 344.656 388.185
238 227.183 343.604
239 491.148 328.614
240 25.522 669.796
241 789.060 180.381
242 980.725 735.090
243 58.182 207.452
244 195.262 304.483
245 543.707 996.057
246 557.170 378.511
247 256.513 606.643
248 805.435 372.793
249 462.037 417.062
250 818.209 629.891
251 415.460 823.742
252 203.288 280.220
253 325.896 907.590
254 512.472 906.526
255 826.909 802.719
256 374.105 494.356
257 599.164 619.972
258 327.353 384.372
259 360.033 175.038
260 809.911 758.316
261 260.672 213.383
262 934.248 685.015
263 176.023 365.196
264 606.972 355.066
265 667.645 810.279
266 852.864 824.650
267 746.320 56.044
268 93.556 531.101
269 818.774 606.902
270 746.616 491.772
271 231.083 960.553
272 683.546 930.491
273 431.006 685.786
274 709.830 561.077
275 452.184 663.382
276 384.806 812.568
277 886.343 4.944
278 52.584 271.001
279 152.733 951.553
280 808.889 763.527
281 775.352 780.347
282 178.085 519.553
283 988.743 256.460
284 114.258 377.412
285 236.126 494.214
286 314.339 438.079
287 273.595 173.028
288 49.997 742.733
289 6.429 353.950
290 540.007 528.659
291 786.058 432.582
292 995.164 77.748
293 509.984 834.341
294 890.360 307.257
295 304.468 535.688
296 473.917 22.305
297 868.559 484.797
298 91.727 661.356
299 616.789 748.507
300 414.131 748.199
301 236.206 683.440
302 974.766 171.802
303 732.088 320.501
304 334.192 594.830
305 561.254 14.053
306 33.012 545.758
307 451.636 797.971
308 197.287 1.987
309 236.339 400.124
310 747.866 360.265
311 430.779 816.476
312 21.823 256.845
313 344.638 230.393
314 754.786 929.344
315 257.178 178.950
316 233.293 789.181
317 109.638 555.178
318 818.496 388.539
319 438.962 136.901
320 344.937 837.515
321 920.634 460.336
322 950.473 33.982
323 123.803 911.149
324 826.839 234.883
325 967.716 166.523
326 763.859 558.636
327 477.087 834.773
328 189.042 621.271
329 500.418 885.256
330 807.777 879.354
331 6.136 122.624
332 680.526 979.535
333 752.455 173.084
334 740.572 359.870
335 494.045 199.610
336 225.447 556.169
337 782.186 687.569
338 559.929 171.432
339 463.399 711.700
340 99.608 192.347
341 257.615 814.539
342 42.889 926.489
343 172.907 173.232
344 483.206 814.332
345 537.144 893.849
346 2.990 973.272
347 286.889 436.077
348 34.457 282.052
349 382.173 228.740
350 407.053 857.824
351 957.659 25.535
352 534.254 449.898
353 891.084 771.611
354 609.907 714.945
355 800.506 368.529
356 6.595 196.999
357 122.621 436.923
358 517.930 649.464
359 235.387 41.313
360 603.560 723.736
361 910.373 948.618
362 498.328 926.571
363 548.665 952.849
364 779.110 99.019
365 582.097 75.607
366 214.744 82.189
367 560.439 622.937
368 693.672 555.594
369 90.496 16.796
370 760.500 411.841
371 626.521 526.724
372 995.853 234.577
373 918.947 876.684
374 989.579 47.321
375 377.688 314.408
376 961.419 413.034
377 825.413 709.361
378 827.455 580.479
379 35.780 990.366
380 620.154 281.819
381 109.524 120.779
382 738.931 820.767
383 274.222 258.428
384 82.541 643.565
385 592.712 764.167
386 724.782 471.166
387 778.131 902.453
388 885.712 666.382
389 26.887 163.883
390 741.314 972.935
391 165.760 712.313
392 256.231 126.549
393 927.385 899.534
394 524.925 53.725
395 72.193 423.799
396 367.230 863.354
397 349.224 799.328
398 127.116 42.915
399 587.637 139.566
400 22.832 355.085
